1,2,3.1.1,True,9/22/2022,4/11/2020,14,10,2.1571428571428575,9,675139.8615547516,675139.8615547516,13162341.581214853,1
2,2,3.2.1,True,2/24/2022,4/11/2020,2,1,1.9,10,464670.2848017599,464670.2848017599,9059084.434914753,1
3,2,3.2.2,True,7/26/2022,4/11/2020,4,1,1.6,13,405323.96646334487,405323.96646334487,7902084.88854093,1
4,2,3.2.3,True,3/13/2022,4/11/2020,3,0,1.3,20,210516.52181406436,210516.52181406436,4104172.37433591,1
5,2,3.2.4,True,6/1/2022,4/11/2020,5,2,1.78,11,459793.1693993095,459793.1693993095,8964001.530595897,1
6,2,3.2.5,True,9/26/2022,4/11/2020,3,1,1.7,12,493515.30682991503,493515.30682991503,9621439.073519446,1
7,2,3.3.1,True,2/24/2022,4/11/2020,4,2,1.9,10,464670.2848017599,464670.2848017599,9059084.434914753,1
8,2,3.3.2,True,1/8/2022,4/11/2020,8,3,1.75,11,387920.72158813477,387920.72158813477,7562795.9993594615,1
9,2,3.3.3,True,3/13/2022,4/13/2020,1,0,1.3,20,210516.52181406436,210516.52181406436,4104172.37433591,1
10,2,3.3.4,True,5/2/2023,4/13/2020,5,3,2.02,10,806352.2778447256,806352.2778447256,15720422.863703515,1
11,2,3.3.5,True,3/14/2022,4/17/2020,5,0,1.3,20,210516.52181406436,210516.52181406436,4104172.37433591,1
12,2,3.4.1,True,2/10/2023,4/20/2020,1,1,2.5,8,878906.25,878906.25,17134915.206641894,1
13,2,3.4.2,True,3/15/2022,4/20/2020,2,0,1.3,20,210516.52181406436,210516.52181406436,4104172.37433591,1
14,2,3.4.3,True,2/10/2023,4/20/2020,1,1,2.5,8,878906.25,878906.25,17134915.206641894,1
15,2,3.4.4,True,6/1/2022,4/20/2020,5,2,1.78,11,459793.1693993095,459793.1693993095,8964001.530595897,1
16,2,3.4.5,True,4/29/2022,4/20/2020,2,1,1.9,10,464670.2848017599,464670.2848017599,9059084.434914753,1
17,2,3.4.6,True,9/28/2022,4/20/2020,3,1,1.7,12,493515.30682991503,493515.30682991503,9621439.073519446,1
18,2,3.5.1,True,6/5/2022,4/20/2020,2,1,1.9,10,464670.2848017599,464670.2848017599,9059084.434914753,1
19,2,3.5.2,True,6/5/2022,4/20/2020,2,1,1.9,10,464670.2848017599,464670.2848017599,9059084.434914753,1
20,2,3.5.3,True,11/6/2021,4/20/2020,2,0,1.3,19,161935.78601081873,161935.78601081873,3157055.6725660847,1
21,2,3.5.4,True,7/21/2022,4/20/2020,5,1,1.54,14,394577.0876367112,394577.0876367112,7692566.686308982,1
22,3,4.1.1,True,2/14/2023,4/26/2020,7,4,1.9857142857142858,10,691215.2866307739,691215.2866307739,13475743.65975095,1
23,3,4.2.1,True,9/17/2022,4/26/2020,11,6,1.9545454545454546,10,599479.677376936,599479.677376936,11687291.380575387,1
24,3,4.2.2,True,4/24/2023,4/26/2020,4,3,2.2,9,790212.5789184007,790212.5789184007,15405767.719809264,1
25,3,4.2.3,True,4/23/2022,4/26/2020,3,2,2.1,9,544649.1747984003,544649.1747984003,10618330.939776644,1
26,3,4.2.4,True,6/5/2022,4/26/2020,2,1,1.9,10,464670.2848017599,464670.2848017599,9059084.434914753,1
27,3,4.2.5,True,4/30/2022,4/26/2020,9,6,2.1,9,544649.1747984003,544649.1747984003,10618330.939776644,1
28,3,4.2.6,True,11/9/2021,4/26/2020,4,0,1.3,19,161935.78601081873,161935.78601081873,3157055.6725660847,1
29,3,4.2.7,True,11/9/2021,4/26/2020,2,0,1.3,19,161935.78601081873,161935.78601081873,3157055.6725660847,1
30,3,4.3.1,True,3/22/2023,4/26/2020,1,1,2.5,8,878906.25,878906.25,17134915.206641894,1
31,3,4.3.2,True,3/22/2023,4/26/2020,2,2,2.5,8,878906.25,878906.25,17134915.206641894,1
32,3,4.3.3,True,6/8/2022,4/26/2020,2,1,1.9,10,464670.2848017599,464670.2848017599,9059084.434914753,1
33,3,4.3.4,True,3/22/2023,4/26/2020,1,1,2.5,8,878906.25,878906.25,17134915.206641894,1
34,3,4.3.5,True,6/8/2022,4/26/2020,2,1,1.9,10,464670.2848017599,464670.2848017599,9059084.434914753,1
35,3,4.3.6,True,11/9/2021,4/26/2020,3,0,1.3,19,161935.78601081873,161935.78601081873,3157055.6725660847,1
36,3,4.3.7,True,6/8/2022,4/26/2020,2,1,1.9,10,464670.2848017599,464670.2848017599,9059084.434914753,1
37,3,4.3.8,True,9/30/2022,4/26/2020,3,1,1.7,12,493515.30682991503,493515.30682991503,9621439.073519446,1
38,3,4.3.9,True,3/22/2023,5/10/2020,2,2,2.5,8,878906.25,878906.25,17134915.206641894,1
39,3,4.3.10,True,3/23/2023,5/10/2020,2,2,2.5,8,878906.25,878906.25,17134915.206641894,1
40,3,4.4.1,True,11/20/2021,5/10/2020,5,3,2.02,9,399184.2959627355,399184.2959627355,7782387.556288869,1
41,3,4.5.1,True,11/19/2022,5/10/2020,18,13,2.166666666666667,9,699357.6140260639,699357.6140260639,13634484.241585487,1
42,3,4.6.1,True,2/25/2022,5/11/2020,25,16,2.068,9,481689.0429530999,481689.0429530999,9390877.476374585,1
43,3,4.7.1,True,6/6/2022,5/16/2020,5,2,1.78,11,459793.1693993095,459793.1693993095,8964001.530595897,1
44,3,5.1.1,True,3/24/2023,5/20/2020,3,3,2.5,8,878906.25,878906.25,17134915.206641894,1
45,3,5.1.2,True,6/13/2022,5/20/2020,2,1,1.9,10,464670.2848017599,464670.2848017599,9059084.434914753,1
46,3,5.2.1,True,11/23/2021,5/20/2020,10,8,2.26,8,433632.24215620646,433632.24215620646,8453975.26779745,1
47,3,5.2.2,True,9/6/2022,5/25/2020,5,2,1.78,11,459793.1693993095,459793.1693993095,8964001.530595897,1
48,3,5.2.3,True,10/23/2021,5/25/2020,2,0,1.3,18,124565.98923909133,124565.98923909133,2428504.3635123726,1
49,3,5.3.1,True,11/23/2021,6/1/2020,5,4,2.26,8,433632.24215620646,433632.24215620646,8453975.26779745,1
50,3,5.3.2,True,3/30/2023,6/3/2020,1,1,2.5,8,878906.25,878906.25,17134915.206641894,1
51,3,5.3.3,True,7/26/2021,6/4/2020,1,1,2.5,7,351562.5,351562.5,6853966.082656757,1
52,3,5.3.4,True,4/25/2021,6/4/2020,3,1,1.7,10,170766.54215567996,170766.54215567996,3329217.6724980786,1
53,3,5.3.5,True,4/25/2021,6/6/2020,1,0,1.3,17,95819.99172237795,95819.99172237795,1868080.2796249022,1
54,3,5.3.6,True,8/29/2021,6/6/2020,2,2,2.5,7,351562.5,351562.5,6853966.082656757,1
55,3,5.4.1,True,8/2/2021,6/7/2020,5,2,1.78,10,258310.76932545478,258310.76932545478,5035955.916065111,1
56,3,5.4.2,True,8/2/2021,6/7/2020,5,2,1.78,10,258310.76932545478,258310.76932545478,5035955.916065111,1
57,3,5.4.3,True,6/21/2021,6/8/2020,2,1,1.9,9,244563.30779039994,244563.30779039994,4767939.176270923,1
58,3,5.4.4,True,6/21/2021,6/8/2020,2,1,1.9,9,244563.30779039994,244563.30779039994,4767939.176270923,1
59,3,5.4.5,True,12/13/2021,6/8/2020,5,4,2.26,8,433632.24215620646,433632.24215620646,8453975.26779745,1
60,3,5.4.6,True,8/2/2021,6/8/2020,5,2,1.78,10,258310.76932545478,258310.76932545478,5035955.916065111,1
61,3,6.1.1,True,5/2/2021,6/26/2020,1,0,1.3,17,95819.99172237795,95819.99172237795,1868080.2796249022,1
62,3,6.1.2,True,8/29/2021,7/8/2020,1,1,2.5,7,351562.5,351562.5,6853966.082656757,1
63,3,6.1.3,True,8/29/2021,7/8/2020,1,1,2.5,7,351562.5,351562.5,6853966.082656757,1
64,3,6.1.4,True,3/15/2022,7/8/2020,6,5,2.3,8,490294.8643679997,490294.8643679997,9558654.21050045,1
65,3,6.1.5,True,8/29/2021,7/8/2020,1,1,2.5,7,351562.5,351562.5,6853966.082656757,1
66,3,6.1.6,True,9/13/2021,7/12/2020,11,8,2.172727272727273,8,329153.8980305669,329153.8980305669,6417094.124304403,1
67,3,6.2.1,True,1/20/2022,7/12/2020,5,4,2.26,8,433632.24215620646,433632.24215620646,8453975.26779745,1
68,3,6.2.2,True,8/29/2021,7/12/2020,5,5,2.5,7,351562.5,351562.5,6853966.082656757,1
69,3,6.2.3,True,9/1/2021,7/16/2020,2,2,2.5,7,351562.5,351562.5,6853966.082656757,1
70,3,6.2.4,True,6/29/2021,7/17/2020,6,4,2.1,8,259356.7499040001,259356.7499040001,5056348.066560307,1
71,3,6.2.5,True,6/29/2021,7/18/2020,3,2,2.1,8,259356.7499040001,259356.7499040001,5056348.066560307,1
72,3,6.2.6,True,7/31/2021,7/18/2020,4,2,1.9,9,244563.30779039994,244563.30779039994,4767939.176270923,1
73,3,6.2.7,True,9/10/2021,7/25/2020,3,3,2.5,7,351562.5,351562.5,6853966.082656757,1
74,3,6.3.1,True,7/31/2021,7/26/2020,4,2,1.9,9,244563.30779039994,244563.30779039994,4767939.176270923,1
75,3,6.3.2,True,7/31/2021,7/26/2020,6,3,1.9,9,244563.30779039994,244563.30779039994,4767939.176270923,1
76,3,6.3.3,True,5/29/2021,7/26/2020,8,5,2.05,8,219098.55811612483,219098.55811612483,4271485.400425017,1
77,3,6.3.4,True,7/31/2021,7/26/2020,2,1,1.9,9,244563.30779039994,244563.30779039994,4767939.176270923,1
78,3,6.3.5,True,4/24/2021,7/26/2020,7,3,1.8142857142857143,9,169047.18360107692,169047.18360107692,3295697.529658114,1
79,3,6.3.6,True,11/11/2021,7/26/2020,4,3,2.2,8,359187.53587200027,359187.53587200027,7002621.690822392,1
80,3,6.3.7,True,5/22/2021,7/26/2020,3,1,1.7,10,170766.54215567996,170766.54215567996,3329217.6724980786,1
81,3,6.3.8,True,11/13/2021,7/26/2020,4,3,2.2,8,359187.53587200027,359187.53587200027,7002621.690822392,1
82,3,6.4.1,True,7/19/2021,7/30/2020,15,10,2.1,8,259356.7499040001,259356.7499040001,5056348.066560307,1
83,3,6.4.2,True,6/4/2021,8/6/2020,1,0,1.3,17,95819.99172237795,95819.99172237795,1868080.2796249022,1
84,3,6.4.3,True,4/27/2021,8/10/2020,1,0,1.3,16,73707.68594029073,73707.68594029073,1436984.830480694,1
85,3,6.4.4,True,9/22/2021,8/10/2020,1,1,2.5,7,351562.5,351562.5,6853966.082656757,1
86,3,6.4.5,True,10/3/2021,8/13/2020,2,2,2.5,7,351562.5,351562.5,6853966.082656757,1
87,3,6.4.6,True,5/19/2021,8/13/2020,15,9,2.02,8,197615.9881003641,197615.9881003641,3852667.1070736977,1
88,3,6.5.1,True,5/10/2021,8/13/2020,5,4,2.26,7,191872.67352044536,191872.67352044536,3740697.021149314,1
89,3,6.5.2,True,10/3/2021,8/13/2020,2,2,2.5,7,351562.5,351562.5,6853966.082656757,1
90,3,6.5.3,True,5/10/2021,8/13/2020,5,4,2.26,7,191872.67352044536,191872.67352044536,3740697.021149314,1
91,4,7.1.1,False,none,none,19,0,0,0,0,0,0,0
92,4,7.2.1,False,none,none,6,0,0,0,0,0,0,0
93,4,7.3.1,False,none,none,9,0,0,0,0,0,0,0
94,4,7.4.1,False,none,none,13,0,0,0,0,0,0,0
