1,7,1.1.1,True,11/28/2021,4/6/2021,5,2,1.78,9,145118.40973340155,145118.40973340155,2829188.7168905116,1
2,7,1.1.2,True,11/22/2021,4/6/2021,5,0,1.3,16,73707.68594029073,73707.68594029073,1436984.830480694,1
3,7,1.1.3,True,11/28/2021,4/6/2021,5,2,1.78,9,145118.40973340155,145118.40973340155,2829188.7168905116,1
4,7,1.1.4,True,11/9/2021,4/6/2021,5,1,1.54,11,108036.29957656708,108036.29957656708,2106246.0671816114,1
5,7,1.1.5,True,11/28/2021,4/6/2021,5,2,1.78,9,145118.40973340155,145118.40973340155,2829188.7168905116,1
6,7,1.1.6,True,12/3/2021,4/6/2021,5,4,2.26,7,191872.67352044536,191872.67352044536,3740697.021149314,1
7,7,1.1.7,True,12/3/2021,4/7/2021,5,4,2.26,7,191872.67352044536,191872.67352044536,3740697.021149314,1
8,7,1.1.8,True,12/3/2021,4/7/2021,5,4,2.26,7,191872.67352044536,191872.67352044536,3740697.021149314,1
9,7,1.1.9,True,12/3/2021,4/7/2021,5,4,2.26,7,191872.67352044536,191872.67352044536,3740697.021149314,1
10,7,1.1.10,True,11/28/2021,4/7/2021,5,2,1.78,9,145118.40973340155,145118.40973340155,2829188.7168905116,1
11,7,1.1.11,True,12/4/2021,4/8/2021,5,4,2.26,7,191872.67352044536,191872.67352044536,3740697.021149314,1
12,7,1.1.12,True,12/4/2021,4/8/2021,5,4,2.26,7,191872.67352044536,191872.67352044536,3740697.021149314,1
13,7,1.1.13,True,12/4/2021,4/8/2021,5,4,2.26,7,191872.67352044536,191872.67352044536,3740697.021149314,1
14,7,1.1.14,True,11/28/2021,4/8/2021,5,2,1.78,9,145118.40973340155,145118.40973340155,2829188.7168905116,1
15,7,1.1.15,True,12/4/2021,4/8/2021,5,4,2.26,7,191872.67352044536,191872.67352044536,3740697.021149314,1
16,7,1.1.16,True,1/10/2022,4/8/2021,5,3,2.02,8,197615.9881003641,197615.9881003641,3852667.1070736977,1
17,7,1.1.17,True,11/28/2021,4/8/2021,5,2,1.78,9,145118.40973340155,145118.40973340155,2829188.7168905116,1
18,7,1.1.18,True,5/20/2022,4/8/2021,5,5,2.5,7,351562.5,351562.5,6853966.082656757,1
19,7,1.1.19,True,5/20/2022,4/8/2021,5,5,2.5,7,351562.5,351562.5,6853966.082656757,1
20,7,1.1.20,True,1/10/2022,4/8/2021,5,3,2.02,8,197615.9881003641,197615.9881003641,3852667.1070736977,1
21,7,1.1.21,True,11/28/2021,4/8/2021,5,2,1.78,9,145118.40973340155,145118.40973340155,2829188.7168905116,1
22,7,1.1.22,True,12/4/2021,4/8/2021,5,4,2.26,7,191872.67352044536,191872.67352044536,3740697.021149314,1
23,7,1.1.23,True,11/28/2021,4/9/2021,5,2,1.78,9,145118.40973340155,145118.40973340155,2829188.7168905116,1
24,7,1.1.24,True,1/10/2022,4/9/2021,5,3,2.02,8,197615.9881003641,197615.9881003641,3852667.1070736977,1
25,7,1.1.25,True,11/14/2021,4/9/2021,5,1,1.54,11,108036.29957656708,108036.29957656708,2106246.0671816114,1
26,7,1.1.26,True,1/10/2022,4/9/2021,5,3,2.02,8,197615.9881003641,197615.9881003641,3852667.1070736977,1
27,7,1.1.27,True,1/10/2022,4/10/2021,5,3,2.02,8,197615.9881003641,197615.9881003641,3852667.1070736977,1
28,7,1.1.28,True,1/15/2022,4/12/2021,5,3,2.02,8,197615.9881003641,197615.9881003641,3852667.1070736977,1
29,7,1.1.29,True,1/15/2022,4/12/2021,5,3,2.02,8,197615.9881003641,197615.9881003641,3852667.1070736977,1
30,7,1.1.30,True,12/7/2021,4/12/2021,5,4,2.26,7,191872.67352044536,191872.67352044536,3740697.021149314,1
31,7,1.1.31,True,12/7/2021,4/12/2021,5,4,2.26,7,191872.67352044536,191872.67352044536,3740697.021149314,1
32,7,1.1.32,True,12/7/2021,4/12/2021,5,4,2.26,7,191872.67352044536,191872.67352044536,3740697.021149314,1
33,7,1.1.33,True,6/3/2022,4/12/2021,5,5,2.5,7,351562.5,351562.5,6853966.082656757,1
34,7,1.1.34,True,12/5/2021,4/12/2021,5,2,1.78,9,145118.40973340155,145118.40973340155,2829188.7168905116,1
35,7,1.1.35,True,6/3/2022,4/12/2021,5,5,2.5,7,351562.5,351562.5,6853966.082656757,1
36,7,1.1.36,True,6/3/2022,4/12/2021,5,5,2.5,7,351562.5,351562.5,6853966.082656757,1
37,7,1.1.37,True,12/7/2021,4/12/2021,5,4,2.26,7,191872.67352044536,191872.67352044536,3740697.021149314,1
38,7,1.1.38,True,6/3/2022,4/13/2021,5,5,2.5,7,351562.5,351562.5,6853966.082656757,1
39,7,1.1.39,True,12/7/2021,4/13/2021,5,4,2.26,7,191872.67352044536,191872.67352044536,3740697.021149314,1
40,7,1.1.40,True,12/5/2021,4/13/2021,5,2,1.78,9,145118.40973340155,145118.40973340155,2829188.7168905116,1
41,7,1.1.41,True,12/7/2021,4/13/2021,5,4,2.26,7,191872.67352044536,191872.67352044536,3740697.021149314,1
42,7,1.1.42,True,1/15/2022,4/13/2021,5,3,2.02,8,197615.9881003641,197615.9881003641,3852667.1070736977,1
43,7,1.1.43,True,6/3/2022,4/13/2021,5,5,2.5,7,351562.5,351562.5,6853966.082656757,1
44,7,1.1.44,True,6/5/2022,4/13/2021,5,5,2.5,7,351562.5,351562.5,6853966.082656757,1
45,7,1.1.45,True,6/5/2022,4/13/2021,5,5,2.5,7,351562.5,351562.5,6853966.082656757,1
46,7,1.1.46,True,12/9/2021,4/13/2021,5,4,2.26,7,191872.67352044536,191872.67352044536,3740697.021149314,1
47,7,1.1.47,True,12/9/2021,4/13/2021,5,4,2.26,7,191872.67352044536,191872.67352044536,3740697.021149314,1
48,7,1.1.48,True,6/5/2022,4/14/2021,5,5,2.5,7,351562.5,351562.5,6853966.082656757,1
49,7,1.1.49,True,11/18/2021,4/14/2021,5,1,1.54,11,108036.29957656708,108036.29957656708,2106246.0671816114,1
50,7,1.1.50,True,12/5/2021,4/14/2021,5,2,1.78,9,145118.40973340155,145118.40973340155,2829188.7168905116,1
51,7,1.1.51,True,6/5/2022,4/14/2021,5,5,2.5,7,351562.5,351562.5,6853966.082656757,1
52,7,1.1.52,True,12/9/2021,4/14/2021,5,4,2.26,7,191872.67352044536,191872.67352044536,3740697.021149314,1
53,7,1.1.53,True,12/9/2021,4/14/2021,5,4,2.26,7,191872.67352044536,191872.67352044536,3740697.021149314,1
54,7,1.1.54,True,12/9/2021,4/14/2021,5,4,2.26,7,191872.67352044536,191872.67352044536,3740697.021149314,1
55,7,1.1.55,True,6/5/2022,4/14/2021,5,5,2.5,7,351562.5,351562.5,6853966.082656757,1
56,7,1.1.56,True,12/9/2021,4/14/2021,5,4,2.26,7,191872.67352044536,191872.67352044536,3740697.021149314,1
57,7,1.1.57,True,6/5/2022,4/14/2021,5,5,2.5,7,351562.5,351562.5,6853966.082656757,1
58,7,1.1.58,True,6/6/2022,4/14/2021,5,5,2.5,7,351562.5,351562.5,6853966.082656757,1
59,7,1.1.59,True,12/9/2021,4/14/2021,5,4,2.26,7,191872.67352044536,191872.67352044536,3740697.021149314,1
60,7,1.1.60,True,1/15/2022,4/14/2021,5,3,2.02,8,197615.9881003641,197615.9881003641,3852667.1070736977,1
61,7,1.1.61,True,6/6/2022,4/14/2021,5,5,2.5,7,351562.5,351562.5,6853966.082656757,1
62,7,1.1.62,True,12/9/2021,4/14/2021,5,4,2.26,7,191872.67352044536,191872.67352044536,3740697.021149314,1
63,7,1.1.63,True,1/15/2022,4/14/2021,5,3,2.02,8,197615.9881003641,197615.9881003641,3852667.1070736977,1
64,7,1.1.64,True,12/9/2021,4/14/2021,5,4,2.26,7,191872.67352044536,191872.67352044536,3740697.021149314,1
65,7,1.1.65,True,11/18/2021,4/14/2021,5,1,1.54,11,108036.29957656708,108036.29957656708,2106246.0671816114,1
66,7,1.1.66,True,6/6/2022,4/14/2021,5,5,2.5,7,351562.5,351562.5,6853966.082656757,1
67,7,1.1.67,True,12/9/2021,4/14/2021,5,4,2.26,7,191872.67352044536,191872.67352044536,3740697.021149314,1
68,7,1.1.68,True,12/5/2021,4/15/2021,5,2,1.78,9,145118.40973340155,145118.40973340155,2829188.7168905116,1
69,7,1.1.69,True,12/18/2021,4/15/2021,5,4,2.26,7,191872.67352044536,191872.67352044536,3740697.021149314,1
70,7,1.1.70,True,6/6/2022,4/15/2021,5,5,2.5,7,351562.5,351562.5,6853966.082656757,1
71,7,1.1.71,True,12/9/2021,4/15/2021,5,4,2.26,7,191872.67352044536,191872.67352044536,3740697.021149314,1
72,7,1.1.72,True,12/10/2021,4/15/2021,5,4,2.26,7,191872.67352044536,191872.67352044536,3740697.021149314,1
73,7,1.1.73,True,12/10/2021,4/15/2021,5,4,2.26,7,191872.67352044536,191872.67352044536,3740697.021149314,1
74,7,1.1.74,True,12/10/2021,4/15/2021,5,4,2.26,7,191872.67352044536,191872.67352044536,3740697.021149314,1
75,7,1.1.75,True,12/10/2021,4/15/2021,5,4,2.26,7,191872.67352044536,191872.67352044536,3740697.021149314,1
76,7,1.1.76,True,1/15/2022,4/15/2021,5,3,2.02,8,197615.9881003641,197615.9881003641,3852667.1070736977,1
77,7,1.1.77,True,12/10/2021,4/15/2021,5,4,2.26,7,191872.67352044536,191872.67352044536,3740697.021149314,1
78,7,1.1.78,True,12/10/2021,4/15/2021,5,4,2.26,7,191872.67352044536,191872.67352044536,3740697.021149314,1
79,7,1.1.79,True,12/5/2021,4/15/2021,5,2,1.78,9,145118.40973340155,145118.40973340155,2829188.7168905116,1
80,7,1.1.80,True,12/18/2021,4/15/2021,5,4,2.26,7,191872.67352044536,191872.67352044536,3740697.021149314,1
81,7,1.1.81,True,1/19/2022,4/19/2021,5,3,2.02,8,197615.9881003641,197615.9881003641,3852667.1070736977,1
82,7,1.1.82,True,1/19/2022,4/19/2021,5,3,2.02,8,197615.9881003641,197615.9881003641,3852667.1070736977,1
83,7,1.1.83,True,1/19/2022,4/19/2021,5,3,2.02,8,197615.9881003641,197615.9881003641,3852667.1070736977,1
84,7,1.1.84,True,1/19/2022,4/19/2021,5,3,2.02,8,197615.9881003641,197615.9881003641,3852667.1070736977,1
85,7,1.1.85,True,6/8/2022,4/19/2021,5,5,2.5,7,351562.5,351562.5,6853966.082656757,1
86,7,1.1.86,True,6/8/2022,4/19/2021,5,5,2.5,7,351562.5,351562.5,6853966.082656757,1
87,7,1.1.87,True,6/8/2022,4/19/2021,5,5,2.5,7,351562.5,351562.5,6853966.082656757,1
88,7,1.1.88,True,12/18/2021,4/19/2021,5,4,2.26,7,191872.67352044536,191872.67352044536,3740697.021149314,1
89,7,1.1.89,True,6/8/2022,4/19/2021,5,5,2.5,7,351562.5,351562.5,6853966.082656757,1
90,7,1.1.90,True,12/8/2021,4/19/2021,5,2,1.78,9,145118.40973340155,145118.40973340155,2829188.7168905116,1
91,7,1.1.91,True,12/18/2021,4/19/2021,5,4,2.26,7,191872.67352044536,191872.67352044536,3740697.021149314,1
92,7,1.1.92,True,6/8/2022,4/19/2021,5,5,2.5,7,351562.5,351562.5,6853966.082656757,1
93,7,1.1.93,True,12/18/2021,4/20/2021,5,4,2.26,7,191872.67352044536,191872.67352044536,3740697.021149314,1
94,7,1.1.94,True,6/8/2022,4/20/2021,5,5,2.5,7,351562.5,351562.5,6853966.082656757,1
95,7,1.1.95,True,6/8/2022,4/20/2021,3,3,2.5,7,351562.5,351562.5,6853966.082656757,1
96,7,1.1.96,True,6/8/2022,4/20/2021,5,5,2.5,7,351562.5,351562.5,6853966.082656757,1
97,7,1.1.97,True,6/8/2022,4/20/2021,5,5,2.5,7,351562.5,351562.5,6853966.082656757,1
98,7,1.1.98,True,6/8/2022,4/20/2021,5,5,2.5,7,351562.5,351562.5,6853966.082656757,1
99,7,1.1.99,True,12/18/2021,4/20/2021,5,4,2.26,7,191872.67352044536,191872.67352044536,3740697.021149314,1
100,7,1.1.100,True,9/19/2021,4/25/2021,5,3,2.02,7,97829.69707938818,97829.69707938818,1907260.94409589,1
101,7,1.1.101,True,9/19/2021,4/25/2021,5,3,2.02,7,97829.69707938818,97829.69707938818,1907260.94409589,1
102,7,1.1.102,True,10/9/2021,4/25/2021,5,5,2.5,6,140625,140625,2741586.433062703,1
103,7,1.1.103,True,10/9/2021,4/25/2021,5,5,2.5,6,140625,140625,2741586.433062703,1
104,7,1.1.104,True,10/9/2021,4/25/2021,5,5,2.5,6,140625,140625,2741586.433062703,1
105,7,1.1.105,True,12/28/2021,4/25/2021,5,4,2.26,7,191872.67352044536,191872.67352044536,3740697.021149314,1
106,7,1.1.106,True,10/9/2021,4/25/2021,5,5,2.5,6,140625,140625,2741586.433062703,1
107,7,1.1.107,True,10/9/2021,4/25/2021,5,5,2.5,6,140625,140625,2741586.433062703,1
108,7,1.1.108,True,12/28/2021,4/25/2021,5,4,2.26,7,191872.67352044536,191872.67352044536,3740697.021149314,1
109,7,1.1.109,True,10/9/2021,4/25/2021,5,5,2.5,6,140625,140625,2741586.433062703,1
110,7,1.1.110,True,10/9/2021,4/25/2021,5,5,2.5,6,140625,140625,2741586.433062703,1
111,7,1.1.111,True,10/9/2021,4/25/2021,5,5,2.5,6,140625,140625,2741586.433062703,1
112,7,1.1.112,True,9/19/2021,4/25/2021,5,3,2.02,7,97829.69707938818,97829.69707938818,1907260.94409589,1
113,7,1.1.113,True,12/28/2021,4/25/2021,5,4,2.26,7,191872.67352044536,191872.67352044536,3740697.021149314,1
114,7,1.1.114,True,12/28/2021,4/25/2021,5,4,2.26,7,191872.67352044536,191872.67352044536,3740697.021149314,1
115,7,1.1.115,True,12/28/2021,4/25/2021,5,4,2.26,7,191872.67352044536,191872.67352044536,3740697.021149314,1
116,7,1.1.116,True,12/28/2021,4/25/2021,5,4,2.26,7,191872.67352044536,191872.67352044536,3740697.021149314,1
117,7,1.1.117,True,12/30/2021,4/25/2021,5,4,2.26,7,191872.67352044536,191872.67352044536,3740697.021149314,1
118,7,1.1.118,True,9/19/2021,4/25/2021,5,3,2.02,7,97829.69707938818,97829.69707938818,1907260.94409589,1
119,7,1.1.119,True,10/10/2021,4/25/2021,5,5,2.5,6,140625,140625,2741586.433062703,1
120,7,1.1.120,True,10/10/2021,4/25/2021,5,5,2.5,6,140625,140625,2741586.433062703,1
121,7,1.1.121,True,12/30/2021,4/25/2021,5,4,2.26,7,191872.67352044536,191872.67352044536,3740697.021149314,1
122,7,1.1.122,True,10/10/2021,4/25/2021,5,5,2.5,6,140625,140625,2741586.433062703,1
123,7,1.1.123,True,10/10/2021,4/25/2021,5,5,2.5,6,140625,140625,2741586.433062703,1
124,7,1.1.124,True,12/30/2021,4/25/2021,5,4,2.26,7,191872.67352044536,191872.67352044536,3740697.021149314,1
125,7,1.1.125,True,12/30/2021,4/25/2021,5,4,2.26,7,191872.67352044536,191872.67352044536,3740697.021149314,1
126,7,1.1.126,True,12/30/2021,4/25/2021,5,4,2.26,7,191872.67352044536,191872.67352044536,3740697.021149314,1
127,7,1.1.127,True,10/10/2021,4/25/2021,5,5,2.5,6,140625,140625,2741586.433062703,1
128,7,1.1.128,True,9/19/2021,4/25/2021,5,3,2.02,7,97829.69707938818,97829.69707938818,1907260.94409589,1
129,7,1.1.129,True,10/10/2021,4/25/2021,5,5,2.5,6,140625,140625,2741586.433062703,1
130,7,1.1.130,True,12/30/2021,4/25/2021,5,4,2.26,7,191872.67352044536,191872.67352044536,3740697.021149314,1
131,7,1.1.131,True,9/19/2021,4/25/2021,5,3,2.02,7,97829.69707938818,97829.69707938818,1907260.94409589,1
132,7,1.1.132,True,10/10/2021,4/25/2021,5,5,2.5,6,140625,140625,2741586.433062703,1
133,7,1.1.133,True,10/10/2021,4/25/2021,5,5,2.5,6,140625,140625,2741586.433062703,1
134,7,1.1.134,True,10/10/2021,4/25/2021,5,5,2.5,6,140625,140625,2741586.433062703,1
135,7,1.1.135,True,9/19/2021,4/28/2021,5,3,2.02,7,97829.69707938818,97829.69707938818,1907260.94409589,1
136,7,1.1.136,True,12/30/2021,4/28/2021,5,4,2.26,7,191872.67352044536,191872.67352044536,3740697.021149314,1
137,7,1.1.137,True,10/10/2021,4/28/2021,5,5,2.5,6,140625,140625,2741586.433062703,1
138,7,1.1.138,True,12/30/2021,4/28/2021,5,4,2.26,7,191872.67352044536,191872.67352044536,3740697.021149314,1
139,7,1.1.139,True,10/10/2021,4/28/2021,5,5,2.5,6,140625,140625,2741586.433062703,1
140,7,1.1.140,True,12/30/2021,4/30/2021,5,4,2.26,7,191872.67352044536,191872.67352044536,3740697.021149314,1
141,7,1.1.141,True,10/24/2021,4/30/2021,5,5,2.5,6,140625,140625,2741586.433062703,1
142,7,1.1.142,True,9/27/2021,4/30/2021,5,3,2.02,7,97829.69707938818,97829.69707938818,1907260.94409589,1
143,7,1.1.143,True,9/27/2021,4/30/2021,5,3,2.02,7,97829.69707938818,97829.69707938818,1907260.94409589,1
144,7,1.1.144,True,10/24/2021,4/30/2021,5,5,2.5,6,140625,140625,2741586.433062703,1
145,7,1.1.145,True,9/24/2021,4/30/2021,5,2,1.78,8,81527.19647943907,81527.19647943907,1589431.8634216355,1
146,7,1.1.146,True,10/29/2021,4/30/2021,5,5,2.5,6,140625,140625,2741586.433062703,1
147,7,1.1.147,True,10/29/2021,4/30/2021,5,5,2.5,6,140625,140625,2741586.433062703,1
148,7,1.1.148,True,1/14/2022,4/30/2021,5,4,2.26,7,191872.67352044536,191872.67352044536,3740697.021149314,1
149,7,1.1.149,True,1/14/2022,4/30/2021,5,4,2.26,7,191872.67352044536,191872.67352044536,3740697.021149314,1
150,7,1.1.150,True,10/29/2021,4/30/2021,5,5,2.5,6,140625,140625,2741586.433062703,1
151,7,1.1.151,True,1/14/2022,4/30/2021,5,4,2.26,7,191872.67352044536,191872.67352044536,3740697.021149314,1
152,7,1.1.152,True,10/29/2021,4/30/2021,5,5,2.5,6,140625,140625,2741586.433062703,1
153,7,1.1.153,True,1/14/2022,4/30/2021,5,4,2.26,7,191872.67352044536,191872.67352044536,3740697.021149314,1
154,7,1.1.154,True,10/29/2021,4/30/2021,5,5,2.5,6,140625,140625,2741586.433062703,1
155,7,1.1.155,True,1/14/2022,4/30/2021,5,4,2.26,7,191872.67352044536,191872.67352044536,3740697.021149314,1
156,7,1.1.156,True,10/29/2021,4/30/2021,5,5,2.5,6,140625,140625,2741586.433062703,1
157,7,1.1.157,True,1/14/2022,4/30/2021,5,4,2.26,7,191872.67352044536,191872.67352044536,3740697.021149314,1
158,7,1.1.158,True,10/29/2021,4/30/2021,5,5,2.5,6,140625,140625,2741586.433062703,1
159,7,1.1.159,True,10/29/2021,4/30/2021,5,5,2.5,6,140625,140625,2741586.433062703,1
160,7,1.1.160,True,10/4/2021,4/30/2021,5,3,2.02,7,97829.69707938818,97829.69707938818,1907260.94409589,1
161,7,1.1.161,True,11/15/2021,6/6/2021,4,4,2.5,6,140625,140625,2741586.433062703,1
162,7,1.1.162,True,11/20/2021,6/7/2021,2,2,2.5,6,140625,140625,2741586.433062703,1
163,7,1.1.163,True,10/21/2021,6/7/2021,5,3,2.02,7,97829.69707938818,97829.69707938818,1907260.94409589,1
164,7,1.1.164,True,11/20/2021,6/7/2021,11,11,2.5,6,140625,140625,2741586.433062703,1
165,7,1.1.165,True,11/20/2021,6/7/2021,6,6,2.5,6,140625,140625,2741586.433062703,1
166,7,1.1.166,True,12/16/2021,6/7/2021,2,1,1.9,8,128717.53041599997,128717.53041599997,2509441.671721538,1
167,7,1.1.167,True,11/20/2021,6/7/2021,5,5,2.5,6,140625,140625,2741586.433062703,1
168,7,1.1.168,True,11/20/2021,6/7/2021,3,3,2.5,6,140625,140625,2741586.433062703,1
169,7,1.1.169,True,11/20/2021,6/7/2021,9,9,2.5,6,140625,140625,2741586.433062703,1
170,7,1.1.170,True,9/29/2021,6/7/2021,6,5,2.3,6,92683.33919999996,92683.33919999996,1806928.9622874202,1
171,7,1.1.171,True,11/20/2021,6/7/2021,5,5,2.5,6,140625,140625,2741586.433062703,1
172,7,1.1.172,True,9/22/2021,6/16/2021,8,6,2.2,6,74212.30080000004,74212.30080000004,1446822.6633930558,1
173,7,1.1.173,True,11/27/2021,6/16/2021,3,3,2.5,6,140625,140625,2741586.433062703,1
174,7,1.1.174,True,11/27/2021,6/16/2021,6,6,2.5,6,140625,140625,2741586.433062703,1
175,7,1.1.175,True,11/27/2021,6/16/2021,2,2,2.5,6,140625,140625,2741586.433062703,1
176,7,1.1.176,True,10/5/2021,6/16/2021,5,4,2.26,6,84899.41306214397,84899.41306214397,1655175.6730749179,1
177,7,1.1.177,True,9/25/2021,6/16/2021,6,3,1.9,7,67746.06863999998,67746.06863999998,1320758.7745902832,1
178,7,1.1.178,True,9/25/2021,6/16/2021,2,1,1.9,7,67746.06863999998,67746.06863999998,1320758.7745902832,1
179,7,1.1.179,True,11/27/2021,6/16/2021,6,6,2.5,6,140625,140625,2741586.433062703,1
180,7,1.1.180,True,12/2/2021,6/21/2021,5,5,2.5,6,140625,140625,2741586.433062703,1
181,7,1.1.181,True,9/30/2021,6/21/2021,2,1,1.9,7,67746.06863999998,67746.06863999998,1320758.7745902832,1
182,7,1.1.182,True,12/2/2021,6/21/2021,12,8,2.1,7,123503.21424000004,123503.21424000004,2407784.793600146,1
183,7,1.1.183,True,12/2/2021,6/21/2021,4,4,2.5,6,140625,140625,2741586.433062703,1
184,7,1.1.184,True,12/2/2021,6/21/2021,2,2,2.5,6,140625,140625,2741586.433062703,1
185,7,1.1.185,True,11/20/2021,6/25/2021,8,5,2.05,7,106877.34542249993,106877.34542249993,2083651.4148414717,1
186,7,1.1.186,True,12/6/2021,6/25/2021,2,2,2.5,6,140625,140625,2741586.433062703,1
187,7,1.1.187,True,9/28/2021,6/25/2021,4,3,2.2,6,74212.30080000004,74212.30080000004,1446822.6633930558,1
188,8,1.1.188,True,12/25/2021,7/15/2021,6,6,2.5,6,140625,140625,2741586.433062703,1
189,8,1.1.189,True,11/7/2021,7/15/2021,6,5,2.3,6,92683.33919999996,92683.33919999996,1806928.9622874202,1
190,8,1.1.190,True,12/25/2021,7/15/2021,4,4,2.5,6,140625,140625,2741586.433062703,1
191,8,1.1.191,True,12/25/2021,7/15/2021,7,7,2.5,6,140625,140625,2741586.433062703,1
192,8,1.1.192,True,12/25/2021,7/15/2021,2,2,2.5,6,140625,140625,2741586.433062703,1
193,8,1.1.193,False,none,none,12,0,0,0,0,0,0,0
194,8,1.1.194,False,none,none,5,0,0,0,0,0,0,0
195,8,1.1.195,False,none,none,1,0,0,0,0,0,0,0
196,8,1.1.196,False,none,none,2,0,0,0,0,0,0,0
197,8,1.1.197,False,none,none,6,0,0,0,0,0,0,0
198,8,1.1.198,False,none,none,2,0,0,0,0,0,0,0
199,8,1.1.199,False,none,none,3,0,0,0,0,0,0,0
200,8,1.1.200,False,none,none,3,0,0,0,0,0,0,0
201,8,1.1.201,False,none,none,2,0,0,0,0,0,0,0
202,8,1.1.202,False,none,none,3,0,0,0,0,0,0,0
203,8,1.1.203,False,none,none,6,0,0,0,0,0,0,0
204,8,1.1.204,False,none,none,7,0,0,0,0,0,0,0
205,8,1.1.205,False,none,none,4,0,0,0,0,0,0,0
206,8,1.1.206,False,none,none,4,0,0,0,0,0,0,0
207,8,1.1.207,False,none,none,24,0,0,0,0,0,0,0
208,8,1.1.208,False,none,none,2,0,0,0,0,0,0,0
209,8,1.1.209,False,none,none,3,0,0,0,0,0,0,0
210,8,1.1.210,False,none,none,8,0,0,0,0,0,0,0
211,8,1.1.211,False,none,none,4,0,0,0,0,0,0,0
212,8,1.1.212,False,none,none,8,0,0,0,0,0,0,0
213,8,1.1.213,False,none,none,2,0,0,0,0,0,0,0
214,8,1.1.214,False,none,none,4,0,0,0,0,0,0,0
215,8,1.1.215,False,none,none,18,0,0,0,0,0,0,0
216,8,1.1.216,False,none,none,2,0,0,0,0,0,0,0
217,8,1.1.217,False,none,none,3,0,0,0,0,0,0,0
218,8,1.1.218,False,none,none,10,0,0,0,0,0,0,0
219,8,1.1.219,False,none,none,3,0,0,0,0,0,0,0
